$ANSIBLE_VAULT;1.1;AES256
62303134383164396162356634366434336664373738313737376262336237666263343132323635
6338323961633961353564646339376362613636353532330a303535396633663830356165643762
64623839383464613265643839333135396331346138636439623937386237343833616637346438
6462623832626463650a663635343964313965646433303362666433396232336362373132656565
31323833303062383364386337366362356538613537373661303431656162613835656530336131
35343231386531636361653063383863653364303431316636336333303730633862326662313330
66353064366635616432323365653034313239303064393563623466633736333866303638616630
64376333653037363338316238393566326632613761356161396363343836346432313037616532
39363232363764643063316336666331306666333635386339303135336330666234353639366636
65646636313337626434386532353832393233663964343661313136393839386463386363363035
65643065386638643365393038356339626432303861363132303561353561363161323462376237
63636462303938376334376337303734333064636434356435336463666332643033303033646431
31343437303063333035386135363431316163326136646537376434363563346238333535346339
62303630323566313937653431366330383163633162313232353166323763313964373437623937
35326637383536306464343230356164363963626261323235313763303962633262336630313531
39633834646330326538323433383130353034376164323735633137373563383233356539373362
39636464393363383533353665663235636565643239373061306531373339653932346231326336
63656463366263366430336632366461613637643566303337386635326632343736643464643830
65313632636430313461363830643235656533343063316165616662323530356165666438383235
62653531366639613033363632633732613963373264663632656635663764323531663137313839
65636239393936623039623662366164646431373734653338626238393833356133633432626339
30636231653435363663306664316433333966303162323636656634656161376663363365393862
36343733383630396638623530666230653730396566633731376539323136326233616532666166
35656462393237663236613363643162346339633564323231633562313630353838303064366231
63633439616637316430303432313737383163326538306337623539663266383432643332393939
66653766366263623338303934326338373733393238336363386665333664643339336436336262
61396434366631373939393364633065303765636164383133366162343731363863623633356431
39336434393737626263326234366633626462383466623535363136333230383461323839386239
38303365306330343935336664323266393061613861333232376537636333323039626133303334
37636133643362623661633938353538646561666235336132636563623665633633326561376332
65396233316661356532313230336561653565656233613166646261636466623361643265613965
36393338323838663930323364346265316438623462663664653932623162303362323933316232
62373635303833323132623664613861613936633538646665376533363832366432653935636335
66333933643637333933623062613834346336303735306266393336373764396234353161666232
35626434633136346439303463376562633732623764366562363330373863336333396361626666
35666332643762396131376533366238343930303364633466393862623837303265303638303866
34646562646431303062333239316566313437313964363330663137626632656234633834393633
32663639366238663536633438326439313764633238613863376135303564313531663863643663
37386439303536336661623434373661303433383534343266616635366366323362363630393261
34313632656138363636393035613538623365353061343634623633616461613161646663666363
65613964646462303231306630356163643830633438313835323038363738623535393166646139
37363633386531343434633166613061636131323432373833393964663830353564643665633561
30616464343464343431373233356134336135643236623230366164623836383530346236353636
61623866393431636239366538303365323664366236396463653138306133386234656333616237
64346233376136303136636439303764333437636434353635303361323835323939643437646137
37326232616630393365653036353434353862373662386638363264363163646532653339376463
65303234613166646665633636616161336465396533653661663730303839333433623837616434
32383362626366316362643664656338343535653562313766303633396336396338666664613035
66383266656531663532623064333362326666336238373333343264643731326430643735356263
35316664386463386135643133633737323264356362303338626339343836353933663561323663
32663135353565306262636132306632373236636539306661326631346337623166623836373931
37353834656434346330323739343934336634376530653231326335383566616265363937393866
35393466343364303164356163653663656266363663313734333435363630663264613161366430
61316133383664656465343166316530646562333138306235346233326538313930346639343764
65333934316637373061313735623838636637356566336633613130656162343132643439396562
32373032323338653964623162633538636131656430356264633033666565323662323535346631
61643836373430623131633432386666613733313533313338313835396436623632333731346138
31343436393634626235346265313633383738633661363637626462373030303230396332616161
66373562313438656531323066633736613839333136353037336339633838633739393261396462
30633061633466646531613332303832343563663735623163393961643231643030356161316131
62343033333636393166383465623938383031633666613664333561336333333933343334343931
35373331353663313935613863666639373261643562613539396262656163386564636361346665
66306561363930313865363734393632336330343332653761373163356139333935303162326561
39643731313964333537393863316237363637373638366366383436656137653032663332323035
62656230336362653033346435333930626135656631393663323862383538343839643837626135
34333932353237383339336266373232643633633132383131333636613436363934386430363865
35663361393330663932363464366635663063623862353638323939343635346138623265633233
61643031653936636136356139323031336262633331613463383531336432386134656630663134
62313361646337393263633837356439643438306266626465363237393839306462333532323232
63646464636562613864356533333631353466343730313966383139663135646165356530316164
61306265646639356531633335643964343237373539656539386462656266353066323966643039
33633937316466343735613434393762633432306236663632363634336137326266623433646134
37373439653530666433383865636664356234373839346330393132353866366563636162386164
35626339663063633966626166633330636462613261336431303833306233303738356638633936
64623236366536663861656635343261633436666634306465346264353366383265343533666561
35316636383438623865316163393334393765633932633939633332363561316431316432303037
62643230386661653362623238343566353062353935326539333039646235646330376365333231
63386634306263626461363231643164653766393136386137323636623638333530323930316232
30393164373339356438653130363364336163363037613536333061346663666433663331626163
38386535363535376561353136313637646439366537653961356339333564616330643863623561
66633134616362653530633130303131326162653337356438633332623839653664646132373832
32613661323835336263633062383966313631626164363738376234636130313866643564666264
66643336353564653036376234333538663062643337323861643737373438343731333336386438
30373433633066663036353635333465333236343963376261663138663562363563653664353631
64313539663630373131393762373730316635313565383436626136313562383762356265633232
33306362666637643535663163386231313761366366303539336361646463636231653732333433
39333836623134623038383633333061353063333262353766346338626333363064623732663230
36323336396539653163343630343337306337383137333036333737373435346565666261386236
39353338633735373937366663616136313665323066653836656138393133356163306434353731
61623466353831373635323133643561306131643062626332303536313337633262616133613031
39636662623065323739306164333962336431313233666333643438353036643135366464653166
66303962363566333034323836663866666563643338323564663439386132643238643734333233
34613366333536623263393738313534633530313461326466396664346132386130633135313666
3033646362306534646230306663616431353933666433633165
