$ANSIBLE_VAULT;1.1;AES256
63333433643966643736306531383663323663336665333838656531306364306633613661666334
3134663061376166366336363437636635666130356661310a383736326463393664353335653133
32386162373531666539373039316330666436383439616439363762383862373236303366623931
6633656364383765630a633232313131643334653438376339646432323536366434666564663564
37643730366536633666306336393166376234636461326631333566303139663938393239646335
63643030643262643535393233333232656466353266666435376230643332666261346335663433
62303238313134666434616463663337323562663335663363616534623662393363323639326438
62616664386265353739313561373165653233316633636237306461333035316532653130366230
62343130303631626362323630316131383566653739353330313639396535383136663632316638
35316364653166666334623765663061303863363238383730626331383736396364363432313234
32656235393764633832363561663038386138393535623735653961646663333739373230663965
37373635306338373637656337393330363261383461663536646339303132656632313230363038
66386361623635626663396435353437633831633830303639616130383932613136363161323062
65313462333636376430616262323166663233363833363565323930396138643236356638356336
62376461383663643663343361646330653731373738366261396361613335376434336530623231
64663535306238653231323431366264663539303638343364333339396634333537636238343764
64623634663963323165366334336666383864313963323036343333646339666466353434376162
32386138623362633036663437386463326563353532346563646637353435663465636361356432
36343636393132373538393039633730626237306335343864613132333434323337393338663632
62613037613031383233633336343337663633326532633037356662623530343065306433316337
61356336313665323136393636633631373937346334386432643534643230366237656132313939
37613934396230333961336430643762613763366664623335633037613561383339336131653439
35616139376364393132313535353939623363646139346339393833306437666162363265643064
37316338313830613962646662653264393036666463663135363765336266633164613839626434
35633134363736306333303435373531363030636130326261633434333965376264626266633961
64636632393661303133376664383462316332623439353832333962666333613038633632303339
32643165643839303738373833386136353932626262373131336638336165656636393765626239
31653466386365616533
